0 41 13 46 4 4 5 49 34 48 47 21 12 30 39 21 49 2 12 23 1 3 21 35 23 42 19 25 47 7 41 8 30 26 22 26 20 48 26 46 20 15 30 44 45 41 18 6 33 23 30 41 19 21 7 13 3 35 38 39 33 9 18 32 25 41 42 48 15 44 33 38 3 44 2 36 37 42 8 16 8 46 18 10 4 28 12 49 46 38 31 31 45 3 9 4 7 11 2 9 
44 0 45 27 27 24 18 46 1 45 24 30 29 49 8 42 0 1 15 9 33 30 31 45 13 39 4 22 16 40 37 46 19 45 11 37 37 44 49 10 26 2 20 25 19 42 4 40 15 10 11 16 2 15 36 25 14 22 30 24 42 24 25 46 26 26 9 38 20 45 21 35 13 11 5 33 28 19 37 48 7 47 5 46 7 33 16 41 8 20 6 42 25 44 4 17 37 15 29 14 
15 41 0 23 37 49 5 39 39 12 36 0 30 12 1 24 39 20 19 5 27 6 47 35 16 18 10 47 22 11 9 20 12 36 22 38 33 16 25 29 37 10 37 9 44 29 30 37 34 24 46 48 29 35 4 8 31 27 14 49 14 26 10 38 39 4 42 3 30 30 17 19 2 26 49 3 24 24 44 37 40 21 22 13 33 49 11 22 32 41 1 31 11 37 22 46 33 18 44 17 
14 23 43 0 45 1 31 35 0 22 28 40 6 1 22 23 23 25 40 40 34 9 28 22 0 10 48 18 31 41 24 9 48 36 11 17 32 14 28 14 35 29 5 20 19 6 13 32 13 17 45 0 7 32 6 13 25 48 1 25 18 5 22 17 40 19 37 44 33 16 49 8 24 48 18 1 7 0 23 49 36 15 35 23 29 16 11 28 29 45 14 7 46 30 40 24 12 1 14 47 
35 10 30 39 0 34 12 29 45 7 28 15 10 7 21 14 39 27 0 25 29 29 31 39 30 21 31 42 0 6 16 38 32 39 8 4 0 44 15 48 22 34 44 31 8 45 16 17 1 2 5 30 41 47 29 48 15 10 18 20 36 19 41 18 15 31 21 0 41 37 43 2 33 5 46 2 17 13 25 28 30 47 30 9 49 28 42 21 16 36 45 20 11 28 48 12 42 43 20 36 
26 40 1 49 26 0 15 31 18 18 29 49 47 2 29 15 38 20 11 35 44 11 46 47 49 25 10 3 12 32 44 17 37 26 17 12 12 19 15 2 6 13 2 36 22 13 21 34 0 7 39 48 15 44 11 2 33 10 4 18 40 22 28 9 19 47 23 18 33 35 30 25 22 18 49 12 3 43 20 34 38 20 31 21 31 14 44 30 44 6 40 34 20 23 46 30 22 48 24 4 
17 33 42 33 7 24 0 9 14 34 10 48 26 46 19 28 16 6 24 14 35 22 2 35 49 38 26 23 17 26 9 7 31 0 9 40 11 48 7 47 9 48 0 34 16 32 34 47 11 2 46 28 12 39 44 49 30 1 30 8 45 3 28 0 39 38 43 5 47 2 29 18 22 37 25 30 19 22 1 46 44 11 4 25 16 31 10 49 16 25 36 24 38 47 24 4 15 13 21 6 
2 18 5 35 7 44 23 0 48 32 24 39 20 15 31 42 25 1 34 3 11 8 45 47 37 11 30 37 14 22 13 13 40 1 2 21 33 32 14 14 3 43 25 21 7 32 19 41 45 29 16 6 30 4 48 38 48 28 25 39 44 16 21 26 24 46 3 31 23 41 37 26 38 20 49 8 38 3 30 4 40 26 14 13 31 12 12 17 35 30 34 27 21 4 19 7 35 2 39 42 
7 22 5 32 16 26 47 28 0 49 29 10 49 39 10 40 14 8 38 7 48 22 0 30 33 39 15 36 18 39 25 41 18 6 45 22 19 28 3 9 49 13 37 10 36 13 47 46 25 0 42 44 15 28 34 14 39 7 25 6 27 9 6 25 4 7 37 12 33 22 17 18 6 1 2 38 23 7 13 26 8 31 38 18 35 26 9 20 16 3 20 40 36 28 38 4 20 11 23 12 
18 48 18 8 4 21 24 14 42 0 4 44 14 49 40 11 29 33 37 26 18 23 46 19 34 20 17 35 25 18 35 36 7 41 20 11 32 38 18 49 6 8 48 6 0 40 49 12 0 49 10 49 38 36 31 13 32 36 21 34 32 39 15 24 1 20 5 18 0 0 16 2 34 40 36 43 18 37 25 0 43 15 33 5 28 3 7 9 26 18 9 49 0 9 46 28 43 11 29 20 
47 38 47 20 48 30 42 41 23 4 0 25 31 0 43 36 45 5 40 35 22 25 44 28 25 25 43 44 1 35 3 10 26 3 24 44 16 15 18 32 20 43 19 28 21 29 36 22 37 11 49 13 46 19 38 42 35 32 23 22 7 9 12 20 41 13 44 37 33 15 17 25 5 1 3 7 33 36 15 19 40 28 2 12 39 49 17 12 30 43 17 44 38 27 34 6 47 19 6 28 
39 15 45 18 21 23 25 22 24 43 39 0 26 41 48 13 14 2 4 11 0 2 15 0 1 15 39 2 6 20 2 36 43 34 44 0 29 35 46 11 10 27 6 1 38 40 31 25 8 30 36 12 49 27 5 32 24 3 40 22 17 18 3 17 45 11 30 7 18 41 8 5 47 23 11 34 34 49 37 35 20 47 35 35 5 23 32 5 2 46 6 1 7 37 47 48 44 25 35 6 
18 13 48 18 16 0 11 19 39 7 22 32 0 35 38 17 17 21 18 15 36 46 31 0 1 37 43 5 17 35 24 1 24 5 38 34 4 9 46 40 29 35 13 10 36 14 18 18 28 42 20 26 45 44 43 47 0 42 39 5 30 8 20 40 11 26 45 1 31 23 24 33 19 7 47 39 38 41 9 23 26 38 32 48 2 3 25 21 49 27 28 32 14 8 18 41 33 19 9 33 
38 31 9 23 17 49 16 16 18 5 34 11 38 0 32 17 47 16 27 49 48 18 43 5 40 49 20 4 28 11 0 32 47 21 47 37 7 3 1 5 41 38 2 5 34 28 10 2 39 13 24 1 16 47 29 10 33 1 5 4 40 3 20 14 39 22 3 9 16 9 34 27 4 35 25 17 3 30 27 5 21 26 39 42 47 45 30 14 11 21 46 8 17 1 26 29 27 44 32 48 
46 4 37 4 19 13 18 37 32 48 17 24 44 5 0 33 45 12 8 2 11 28 35 16 35 44 20 32 29 21 21 0 10 28 29 11 10 22 44 16 19 15 37 49 38 17 36 31 13 31 2 22 30 48 47 18 16 9 26 16 0 35 40 14 43 19 40 11 38 27 40 48 2 30 25 38 0 17 12 42 42 21 30 23 20 3 40 38 39 13 5 43 2 29 31 25 42 49 3 37 
17 2 30 15 45 3 24 1 27 42 25 8 7 36 27 0 34 15 43 10 39 11 6 30 39 37 13 34 6 28 43 14 3 32 8 31 40 10 27 32 33 27 32 38 29 9 7 41 18 22 47 24 42 7 39 11 47 23 30 0 20 20 7 24 14 31 43 31 9 13 8 5 18 25 46 17 35 32 18 28 34 15 9 24 40 7 10 41 42 37 20 29 38 27 31 6 46 11 0 18 
41 42 3 48 47 2 8 0 39 48 15 40 47 41 26 48 0 20 12 16 39 33 38 41 11 7 41 40 3 0 39 43 2 34 30 35 0 20 6 41 42 33 48 29 41 43 11 41 9 23 38 21 22 25 41 15 17 10 28 36 38 1 49 29 10 12 7 40 40 11 26 18 1 31 45 40 21 1 13 44 19 48 12 5 28 44 42 14 10 43 19 40 46 16 37 35 11 32 13 6 
20 29 28 42 25 21 49 7 38 9 48 47 29 21 37 10 32 0 5 31 24 3 21 3 6 10 0 8 35 5 49 34 1 4 33 44 16 43 32 17 26 34 42 27 5 11 19 13 48 45 0 11 31 46 35 34 1 15 1 45 34 32 36 17 27 15 31 47 10 27 0 46 24 7 18 6 41 37 16 37 43 1 12 27 22 9 34 41 41 4 6 27 22 0 14 4 35 45 9 7 
41 45 36 48 5 25 45 4 27 0 8 10 39 46 45 5 13 0 0 39 1 44 35 43 28 21 35 5 13 38 20 12 36 9 8 42 14 47 39 37 49 0 14 10 2 7 39 46 16 19 27 29 48 40 40 0 16 18 20 39 26 4 3 19 12 14 7 39 25 5 22 3 32 30 11 21 25 21 0 36 5 23 19 27 17 29 17 0 23 29 40 39 4 28 29 42 36 2 12 28 
45 0 2 37 22 19 26 5 34 3 41 25 16 23 44 25 47 38 1 0 12 19 10 47 1 48 8 20 24 9 23 17 32 49 36 41 25 33 33 1 2 32 5 25 48 20 31 2 24 28 46 17 25 26 23 1 12 43 36 47 39 38 37 32 14 2 34 38 49 38 24 42 13 16 49 19 45 48 27 1 1 43 15 5 6 26 38 43 31 31 42 19 35 11 40 27 27 20 46 11 
22 10 40 12 44 41 1 42 19 44 5 30 19 1 38 29 25 25 36 39 0 43 0 18 17 28 28 42 46 18 26 21 34 24 45 11 27 38 45 47 34 8 47 24 20 21 8 7 5 44 13 13 37 23 35 41 41 31 34 3 3 3 40 45 46 37 19 36 20 35 40 35 3 25 6 44 33 18 48 12 14 2 35 14 42 5 47 15 24 8 34 48 49 25 43 49 27 33 4 25 
31 29 21 16 15 11 47 38 7 33 48 45 31 9 4 37 26 10 41 31 26 0 22 10 17 49 35 28 14 9 45 14 24 0 37 23 18 30 41 31 14 12 11 33 10 47 32 25 41 46 34 19 46 1 35 43 18 14 38 31 20 25 25 11 43 38 2 28 7 21 36 20 13 4 37 36 45 37 30 44 4 2 17 43 30 30 38 20 37 0 33 35 30 13 38 35 24 9 8 29 
43 8 23 47 37 28 5 19 23 2 36 41 32 8 18 5 37 13 28 45 32 39 0 41 48 22 48 20 14 9 30 25 31 6 49 17 1 25 13 14 9 26 41 21 23 35 31 26 37 33 48 40 31 35 8 9 29 41 6 28 32 4 39 20 0 20 40 12 16 27 13 39 23 41 41 35 39 20 45 13 21 40 24 5 33 18 30 38 23 9 19 33 43 34 24 15 31 29 10 5 
25 14 28 45 25 3 25 31 34 23 42 49 0 6 49 24 5 32 42 23 44 40 34 0 40 47 2 48 37 45 26 29 17 16 34 15 37 40 42 21 35 48 1 31 39 43 31 1 22 28 43 36 32 31 2 25 0 42 46 5 39 42 48 15 29 44 8 2 10 4 8 9 37 1 7 28 14 13 14 27 17 42 49 20 20 35 5 46 16 17 37 11 46 19 19 27 10 24 46 49 
3 18 14 21 8 23 9 35 32 20 17 43 16 36 34 12 40 32 3 38 5 43 7 4 0 45 30 12 42 39 12 48 41 10 4 7 26 37 36 43 21 20 3 36 20 31 23 42 44 27 49 2 1 1 47 10 21 10 48 13 6 33 49 10 30 48 3 17 47 43 10 41 43 48 8 33 48 38 15 21 5 14 3 35 15 17 23 28 5 20 14 24 3 2 32 10 3 41 46 19 
44 13 29 39 15 44 32 36 37 45 15 15 34 21 40 24 33 4 23 44 2 33 6 49 18 0 27 21 45 22 7 11 41 11 47 47 16 47 10 44 21 48 42 21 18 24 9 3 17 26 37 30 20 26 28 41 37 41 49 39 4 45 1 19 9 48 9 20 1 7 34 46 30 1 20 30 6 24 28 42 0 20 33 1 21 44 25 33 4 32 15 1 33 5 40 39 29 38 4 31 
44 31 1 47 4 28 48 13 38 14 7 26 3 43 15 42 43 48 3 43 49 3 13 35 39 20 0 24 30 9 36 26 5 38 25 1 39 15 2 1 37 38 32 12 42 8 11 16 36 47 26 13 40 4 3 23 31 12 11 1 34 37 3 8 31 27 15 29 21 36 32 11 28 12 34 14 46 13 6 22 8 9 5 46 5 32 49 29 24 6 20 22 17 35 30 43 25 5 31 24 
40 38 32 17 46 30 29 46 5 46 32 12 32 41 19 37 48 45 31 7 41 29 39 15 42 23 16 0 44 29 30 7 14 36 23 14 32 25 34 28 13 43 1 1 38 23 48 16 8 25 3 41 42 23 49 17 45 34 6 12 38 20 42 41 17 46 13 14 11 27 40 49 10 17 7 1 29 10 3 15 40 17 1 23 8 7 2 20 21 29 48 21 37 45 17 24 11 47 7 20 
33 26 36 24 41 42 38 34 17 17 0 9 22 3 14 40 4 21 43 0 6 6 18 0 46 19 42 13 0 10 49 6 39 47 41 21 10 47 30 38 14 45 9 40 40 47 38 0 45 17 23 34 17 7 42 1 25 7 44 5 4 39 23 8 0 48 5 31 31 48 36 45 28 44 19 29 22 20 38 34 24 12 34 12 44 21 21 42 10 25 10 43 11 14 48 46 15 20 7 12 
15 36 45 35 49 20 17 19 37 32 34 36 19 42 17 24 28 49 10 6 39 26 45 25 19 38 0 34 2 0 0 35 32 44 40 35 43 37 36 7 12 21 36 47 46 38 34 16 18 19 37 2 41 29 43 5 35 48 7 1 16 31 7 3 1 17 1 31 24 4 46 20 10 13 21 13 34 31 39 34 6 35 36 15 40 5 1 12 43 40 11 16 38 41 8 38 1 21 33 16 
34 17 27 47 11 4 38 28 4 27 1 20 18 16 36 36 48 7 14 12 44 37 23 40 44 11 2 45 42 32 0 22 38 38 44 49 25 31 24 7 17 22 49 35 0 48 37 7 6 25 31 21 47 5 20 46 26 44 35 8 7 2 26 47 38 22 23 3 0 18 39 25 31 42 3 29 31 23 25 34 13 48 11 16 39 42 22 38 24 46 13 19 16 41 15 41 18 2 30 40 
34 20 15 47 37 44 29 34 43 17 46 18 9 39 46 38 1 14 47 47 31 43 47 21 31 16 32 18 44 28 42 0 32 31 14 25 32 23 29 8 36 1 40 34 29 7 22 25 47 46 35 17 14 34 5 26 3 31 35 49 21 40 48 26 44 38 46 26 33 45 25 22 47 26 47 45 27 10 20 7 10 43 33 8 3 3 21 44 31 48 6 20 13 29 40 14 46 1 26 46 
7 35 15 23 17 34 28 34 33 5 37 35 4 24 32 49 1 15 14 11 12 5 47 20 21 23 34 12 3 6 28 49 0 23 19 44 32 27 40 39 31 23 36 28 24 26 1 42 7 35 44 20 42 10 34 34 30 20 16 45 28 33 6 30 35 37 1 20 7 25 33 48 30 14 29 27 41 1 49 5 16 40 11 41 38 46 33 31 48 36 49 11 3 11 27 20 25 28 15 25 
11 19 47 26 18 12 36 3 23 25 31 9 0 45 27 46 5 29 27 46 8 39 35 11 4 8 44 22 43 18 21 14 40 0 41 14 25 12 35 3 6 43 1 46 28 47 47 0 48 15 47 2 44 33 42 20 4 45 29 6 7 13 36 7 30 46 12 26 43 22 35 40 38 29 9 48 33 38 23 2 1 49 41 36 41 13 9 11 12 14 7 43 29 34 20 26 13 0 31 18 
33 4 44 33 27 11 2 25 10 21 1 12 18 17 11 23 21 28 49 41 9 1 13 12 42 21 10 21 2 24 31 20 41 40 0 47 12 39 21 4 21 45 44 22 25 29 7 30 16 14 8 29 4 0 15 46 34 14 10 8 33 3 14 27 42 17 43 23 21 21 10 0 26 38 48 30 44 48 19 32 14 0 18 20 9 38 2 44 4 45 41 23 46 2 31 33 39 21 36 5 
16 32 37 31 46 25 5 31 16 1 44 36 7 27 15 19 41 45 28 30 30 35 21 1 8 19 27 27 26 17 38 3 11 36 26 0 45 11 38 26 32 21 34 42 39 20 39 23 31 46 6 28 27 14 34 46 32 42 22 20 42 13 16 26 0 16 42 7 29 11 41 25 20 45 5 43 26 34 12 16 15 30 37 23 42 25 6 16 14 33 45 1 0 36 11 44 1 38 8 44 
29 2 49 34 19 39 24 27 10 25 8 44 25 0 38 7 24 2 48 31 14 32 39 44 48 16 44 40 19 28 26 38 18 31 42 24 0 43 48 32 0 7 18 0 20 20 17 43 8 14 1 4 12 46 43 18 46 43 44 40 33 11 45 36 13 4 9 46 1 35 29 1 17 8 11 44 32 49 8 48 6 27 37 35 18 10 7 29 23 44 29 21 26 39 45 26 41 38 25 41 
24 7 46 36 35 45 1 18 36 1 26 1 37 34 21 6 25 34 19 39 25 38 36 13 11 2 16 18 35 31 9 35 23 12 49 26 33 0 10 9 38 40 9 21 48 19 31 23 3 17 15 7 38 25 19 11 34 16 46 35 1 40 46 7 4 28 47 28 41 27 30 5 46 8 28 35 34 46 35 12 6 24 25 10 8 15 20 44 38 36 21 27 23 10 24 42 6 44 45 31 
17 35 28 18 26 5 3 7 35 28 8 49 20 1 15 10 25 38 47 6 47 23 32 10 23 47 13 47 31 25 33 10 21 26 29 37 48 14 0 19 20 11 45 18 40 1 6 5 49 13 28 1 42 44 47 14 49 16 40 14 19 33 29 46 20 18 28 22 18 47 10 6 18 2 29 22 4 36 47 24 20 49 49 4 43 13 13 2 35 34 1 9 29 35 17 23 32 28 49 31 
21 5 31 45 24 0 35 1 34 15 39 23 21 5 42 17 45 37 33 47 20 29 44 31 47 7 38 12 43 30 20 22 41 22 41 46 5 45 18 0 47 40 7 13 47 30 37 27 29 14 49 33 15 39 12 49 42 1 0 27 2 29 38 9 38 48 30 36 41 39 25 6 37 22 46 39 13 39 34 34 0 26 11 32 34 49 46 37 39 18 33 20 40 13 14 35 25 4 7 33 
17 19 45 43 25 29 34 23 28 47 32 8 14 49 21 48 7 22 27 29 33 49 41 23 9 7 22 22 4 5 17 37 41 28 22 46 24 2 37 6 0 7 37 21 34 14 35 41 20 42 23 0 37 20 8 37 16 40 24 20 46 6 38 6 38 31 46 10 1 36 28 21 18 24 13 47 13 32 42 15 22 38 28 41 21 21 21 5 11 32 35 36 38 33 35 48 48 32 31 44 
28 16 4 17 7 8 48 15 35 43 42 20 18 34 46 24 47 34 9 26 9 10 22 28 12 11 23 39 11 46 20 40 21 19 22 21 25 46 19 5 26 0 42 19 48 21 45 8 25 32 12 4 9 46 39 32 20 5 43 43 4 10 32 26 30 7 31 4 28 9 47 4 35 16 2 16 23 15 8 42 18 16 15 30 20 44 28 19 3 5 35 10 15 48 40 10 44 17 34 17 
1 34 32 6 36 19 16 8 19 24 37 23 7 5 10 45 18 47 23 20 13 6 22 2 30 17 11 41 32 37 1 20 0 28 8 39 2 4 23 44 42 3 0 15 34 30 46 24 30 13 16 25 12 24 17 41 45 35 23 8 17 21 37 26 17 17 37 26 14 47 28 14 36 48 13 18 5 9 0 4 48 47 19 33 1 4 6 39 38 38 48 20 32 5 7 46 11 26 47 10 
18 15 46 40 26 21 18 15 26 29 37 43 17 13 6 14 26 23 39 5 44 39 38 44 9 29 42 4 11 19 43 21 17 34 39 9 15 49 36 12 35 24 25 0 19 43 29 16 43 48 49 37 16 22 10 28 14 29 36 5 17 25 35 17 49 24 45 35 18 0 34 3 42 42 29 23 35 2 38 40 21 25 48 26 23 22 16 41 41 20 32 14 26 19 46 11 24 42 5 4 
24 23 43 41 10 25 27 41 39 17 28 40 7 12 21 48 37 11 41 35 25 39 11 21 14 8 37 20 13 39 40 0 40 35 8 11 12 38 15 41 48 24 34 32 0 29 22 14 36 8 12 19 4 10 37 43 16 20 13 14 46 27 11 39 28 35 19 28 26 35 25 24 41 22 3 42 49 28 47 25 6 7 29 30 45 41 8 18 8 39 23 44 40 0 47 22 33 38 0 34 
34 37 16 18 24 28 11 38 45 17 25 0 11 18 10 4 44 11 43 7 11 45 15 45 41 6 16 11 29 48 48 40 5 41 48 42 31 7 1 22 28 13 23 1 9 0 13 48 3 19 14 27 12 23 11 33 18 10 44 31 8 32 11 31 6 45 35 2 21 4 7 3 26 23 45 34 38 24 35 32 25 13 38 24 18 47 10 29 43 41 36 49 31 45 40 22 29 27 20 7 
3 23 33 9 15 48 14 45 5 21 41 11 10 18 46 40 11 4 13 18 17 30 27 6 32 40 7 30 48 30 1 35 27 2 13 42 18 31 11 9 26 48 37 11 21 48 0 20 46 8 20 41 25 40 15 23 16 43 27 48 34 27 4 27 1 17 10 2 0 35 29 3 0 9 9 43 38 14 2 5 7 39 5 31 7 23 16 2 22 31 36 12 16 5 49 19 35 49 17 12 
23 9 30 11 10 11 9 34 44 12 49 49 14 36 43 48 26 42 43 30 43 26 48 48 13 22 37 21 10 43 17 8 3 34 44 1 6 2 39 42 38 42 47 44 38 30 34 0 31 46 27 20 49 45 24 30 40 25 0 7 18 43 4 1 33 37 36 16 8 35 40 46 38 45 6 36 19 43 33 46 26 37 0 13 12 37 19 8 14 1 29 5 38 30 4 18 36 4 41 11 
11 1 41 25 39 34 10 14 33 25 22 9 32 15 41 40 22 40 43 2 37 28 27 27 48 46 26 4 40 24 7 33 47 27 45 15 46 48 7 28 10 37 43 11 47 44 36 20 0 44 22 18 28 37 42 48 40 38 9 41 43 43 2 7 4 7 40 32 35 38 47 46 14 22 12 37 4 3 11 43 26 2 26 8 13 41 42 11 14 39 2 47 10 14 45 29 14 40 0 6 
42 32 1 33 26 12 12 12 34 7 3 17 19 21 7 18 10 39 32 32 22 8 30 12 49 49 31 28 24 7 41 30 15 41 4 49 7 32 42 10 24 26 31 28 45 6 49 37 6 0 31 19 44 25 24 31 34 38 17 25 9 2 20 30 38 34 13 34 26 17 39 37 4 11 16 1 14 4 16 15 41 8 49 16 30 2 6 4 27 29 12 9 38 12 0 43 8 17 21 10 
14 19 48 25 29 23 22 36 41 13 36 43 1 27 7 31 2 1 0 24 36 39 49 6 3 25 12 32 38 16 30 47 41 33 32 31 11 40 48 10 11 32 6 4 19 26 38 3 26 40 0 39 13 8 25 3 3 2 1 25 31 6 20 29 37 3 29 22 38 49 25 39 22 8 49 7 41 31 38 17 13 47 11 0 35 19 13 6 46 19 49 48 17 38 8 13 21 46 12 3 
44 31 32 47 19 30 45 13 48 25 32 30 37 38 38 46 37 48 31 11 12 34 48 34 10 44 42 1 28 48 12 22 39 38 17 31 19 7 49 37 26 16 32 12 32 15 49 2 39 1 45 0 16 37 13 17 40 45 0 4 22 22 34 22 31 28 24 38 6 31 6 1 15 23 4 14 15 47 1 8 33 41 22 4 24 6 1 40 49 33 30 14 43 22 44 46 37 24 20 4 
47 41 1 33 42 48 22 5 25 26 38 18 8 39 31 2 45 24 44 26 17 47 25 43 5 46 21 16 41 2 7 0 35 34 41 25 35 36 33 23 3 43 32 16 22 22 36 41 32 49 2 14 0 41 21 21 3 6 7 22 7 16 35 47 8 8 19 17 35 5 37 35 2 2 31 21 10 14 40 7 18 8 12 17 4 25 17 23 18 37 10 1 11 43 35 3 2 43 0 39 
10 17 12 37 13 0 19 29 8 24 26 17 30 38 44 17 24 31 27 20 39 45 41 12 24 29 46 21 36 45 12 49 17 45 12 22 0 46 32 8 11 1 35 16 11 15 13 40 13 44 33 47 49 0 33 13 42 27 17 41 28 5 39 0 36 12 36 7 47 22 30 37 46 1 24 2 5 15 35 22 28 9 7 3 19 4 46 49 42 40 45 37 32 40 28 36 7 15 45 6 
3 11 20 14 41 14 36 9 37 33 33 16 20 17 4 9 6 12 36 35 16 33 38 26 25 23 17 5 18 39 49 30 18 1 1 23 32 7 46 30 42 7 7 3 2 3 24 21 23 1 12 1 11 15 0 32 15 15 10 7 19 4 46 37 15 47 45 39 15 47 40 49 37 20 17 24 0 13 29 49 5 34 15 6 8 29 30 34 23 8 5 19 21 37 20 16 22 12 37 38 
5 21 9 48 24 1 31 12 19 20 14 18 2 36 24 45 41 32 25 10 26 8 17 16 42 35 26 5 42 37 33 6 3 17 13 5 21 17 32 2 21 9 44 11 33 27 30 9 31 18 36 49 33 39 28 0 22 16 30 8 27 41 40 16 30 28 31 4 19 15 27 11 21 5 48 27 45 31 0 41 35 23 49 49 48 10 34 36 10 0 8 6 49 17 9 2 34 31 27 5 
19 5 43 28 49 37 34 7 49 40 34 17 2 3 37 21 27 42 29 8 35 15 33 49 43 11 12 9 19 36 30 24 16 34 25 27 41 28 0 31 24 46 21 2 49 37 44 12 15 14 26 33 4 41 38 1 0 4 8 15 28 7 34 20 23 5 24 31 40 43 27 10 48 29 18 18 12 17 4 11 35 12 16 25 23 34 20 17 15 3 23 36 1 45 40 18 49 45 43 3 
18 42 36 25 28 46 1 19 3 8 25 30 42 29 45 24 2 48 26 49 29 19 14 24 7 22 32 2 38 11 20 31 17 0 47 43 45 30 15 45 44 31 16 42 17 32 10 5 22 29 21 49 49 35 17 41 30 0 33 32 29 44 28 42 3 45 32 33 40 41 11 31 2 28 32 42 20 33 10 13 30 47 12 19 39 38 28 34 36 2 47 43 3 24 19 30 41 29 31 41 
42 11 12 10 43 34 20 6 2 16 28 39 31 49 46 40 49 26 29 21 20 46 40 10 14 24 40 27 33 0 14 0 25 6 43 42 41 42 25 28 44 46 9 13 16 4 15 32 33 28 14 34 21 22 31 6 30 22 0 10 9 30 26 36 17 29 27 23 14 47 6 16 37 31 2 48 39 32 36 28 27 3 20 28 23 33 5 40 31 24 3 20 12 18 9 27 40 12 11 29 
3 10 45 40 8 30 6 31 36 35 47 22 31 28 2 27 14 31 29 4 20 26 36 1 15 30 42 10 15 28 19 11 37 34 1 47 25 47 44 17 12 37 15 36 42 31 39 6 47 7 26 9 10 41 29 24 27 33 33 0 27 1 18 44 42 1 32 18 30 3 45 41 9 26 26 13 19 24 16 41 19 5 32 19 34 5 34 40 4 18 40 46 33 31 48 1 2 10 19 27 
5 35 42 42 46 9 42 46 45 36 2 26 40 19 0 46 18 4 35 16 42 5 34 29 4 1 6 7 32 40 11 28 47 5 34 45 28 43 23 24 41 11 9 29 5 10 46 19 20 15 9 39 2 27 27 3 5 20 26 18 0 10 27 19 40 38 13 35 34 45 49 41 27 47 32 21 6 21 14 8 33 9 9 21 13 49 6 48 7 11 25 10 40 23 22 21 5 31 36 41 
29 43 13 49 36 22 5 36 49 36 41 22 5 11 35 16 42 41 10 24 17 22 44 38 0 48 34 11 31 39 11 48 4 8 32 31 5 36 16 39 3 6 20 40 8 41 19 3 33 48 14 15 11 23 22 44 46 2 20 18 49 0 49 21 16 18 37 29 23 22 30 0 40 16 45 34 12 10 24 17 26 36 5 9 30 37 44 10 23 26 28 27 30 41 4 26 38 36 14 10 
41 45 37 12 24 7 22 32 23 23 37 12 12 43 31 26 27 48 24 26 7 45 42 35 40 8 22 48 4 8 14 20 17 1 32 10 49 16 31 20 3 9 39 48 17 42 10 12 12 16 23 10 6 25 47 16 20 42 28 23 39 34 0 5 2 31 7 28 7 14 47 10 5 33 32 5 15 33 5 20 39 25 47 8 37 48 41 43 39 45 33 3 43 18 7 27 42 33 13 31 
48 25 47 49 16 46 30 6 47 48 5 32 25 37 2 38 38 43 25 33 31 31 44 38 16 27 1 25 40 49 25 18 5 28 12 47 15 16 39 1 5 18 1 40 49 18 46 10 8 15 41 47 34 36 39 29 10 38 44 42 8 26 47 0 44 27 30 10 10 21 41 17 41 32 27 26 7 20 3 31 17 34 24 24 34 33 44 20 14 21 38 35 4 31 6 42 34 27 2 44 
5 18 45 44 34 44 31 12 12 22 29 43 5 20 40 30 5 25 5 41 21 7 28 11 31 9 0 23 4 27 22 37 18 0 40 34 27 23 14 31 16 36 28 37 45 24 5 33 12 18 22 43 34 4 26 9 32 38 49 8 16 30 7 33 0 44 40 33 21 45 43 11 4 10 37 34 9 13 7 40 28 8 49 7 3 14 8 1 21 11 7 25 49 0 45 47 30 22 38 48 
41 47 6 18 41 21 29 11 39 30 18 13 31 11 30 45 3 43 45 15 5 23 31 20 18 10 48 28 8 41 38 39 35 6 44 20 6 6 9 7 9 6 37 27 8 24 24 14 27 28 18 2 47 35 26 39 10 45 9 0 37 38 48 30 48 0 15 35 48 30 41 4 1 20 40 7 3 14 45 16 45 42 35 44 42 11 18 28 17 3 25 39 49 40 18 37 7 26 27 27 
31 1 43 2 38 13 41 45 19 38 27 6 0 10 18 45 47 37 5 10 44 31 9 49 25 42 16 0 22 35 16 42 12 38 36 34 14 30 39 49 47 44 45 37 21 19 38 14 11 29 47 32 37 43 1 24 42 39 4 43 29 28 31 4 23 35 0 23 29 38 33 39 12 16 42 18 14 3 34 2 46 46 47 7 20 30 14 11 44 0 13 9 23 26 13 12 33 21 36 8 
9 18 22 37 37 38 18 5 21 36 21 34 21 29 25 3 42 23 34 3 5 27 13 38 33 49 46 9 15 49 24 23 38 14 30 38 40 28 40 38 2 11 48 18 10 16 26 26 31 14 49 33 9 20 13 48 35 10 43 39 9 31 49 4 49 12 13 0 18 13 32 46 22 31 20 6 29 47 48 3 29 28 3 25 2 23 5 37 12 48 28 49 1 6 10 14 48 11 22 11 
28 47 25 16 5 8 0 18 35 11 16 29 15 21 20 44 45 23 44 12 35 2 45 3 29 7 4 47 21 27 12 37 43 21 19 44 25 11 5 49 7 41 8 30 35 40 25 10 43 47 13 36 34 10 9 23 49 40 39 40 20 43 39 36 30 32 4 46 0 25 34 23 44 8 21 30 35 26 49 17 49 48 14 2 43 35 7 12 5 46 45 15 6 42 34 19 44 12 1 7 
6 10 25 22 6 25 34 49 44 1 49 18 3 19 16 20 34 33 11 34 39 44 25 5 29 13 33 5 13 1 12 48 47 3 0 4 40 5 33 0 39 46 24 24 6 25 12 4 20 48 15 0 42 24 25 7 47 31 6 48 36 20 11 0 26 39 1 20 3 0 47 6 21 46 2 36 25 4 23 35 12 8 30 42 15 31 8 40 40 16 17 44 12 21 11 39 3 7 8 28 
15 38 46 17 11 18 7 8 31 2 30 31 13 45 26 26 7 29 28 2 37 27 36 17 31 32 47 29 26 36 26 31 43 29 18 25 34 36 16 39 10 5 16 41 27 48 35 11 45 21 1 45 46 27 22 24 1 17 18 27 3 48 30 3 13 22 36 49 22 31 0 47 25 22 9 12 2 38 2 3 6 37 40 8 27 15 34 21 39 20 47 25 28 22 13 16 31 41 41 33 
4 7 2 5 22 36 40 4 7 48 28 6 28 35 45 47 2 24 16 0 19 31 11 25 15 13 23 21 14 37 7 12 1 49 4 35 19 37 15 5 34 41 21 9 6 25 5 12 36 17 27 3 11 30 17 18 2 28 38 40 12 27 13 36 10 44 45 27 10 29 20 0 49 19 47 25 36 31 9 39 2 5 6 10 43 45 43 11 39 48 16 21 4 13 7 39 24 13 20 33 
8 1 29 43 13 43 32 6 48 23 5 35 41 31 35 42 45 40 12 27 4 26 4 5 42 34 18 3 5 5 2 34 44 48 3 10 44 33 9 48 49 44 30 5 24 30 13 7 38 31 27 46 30 14 8 44 34 36 0 21 28 9 16 45 48 46 1 48 17 7 24 38 0 19 7 14 26 42 31 46 39 45 47 30 26 31 6 5 28 19 27 8 0 20 7 1 20 34 24 21 
6 31 18 4 1 22 11 38 48 38 41 26 40 44 42 25 23 6 27 23 15 30 40 35 34 11 12 32 49 43 32 41 2 6 25 44 33 20 24 35 5 33 41 41 37 36 20 18 16 32 23 22 34 18 20 47 15 42 29 31 7 6 38 10 6 37 32 19 30 46 21 47 36 0 1 29 29 24 15 42 45 34 38 40 26 2 45 42 2 8 42 12 34 21 13 18 4 26 11 6 
36 10 37 25 4 49 45 11 28 45 15 49 27 47 17 32 27 3 49 24 16 0 32 38 28 11 22 43 0 21 21 10 37 8 10 16 48 40 19 6 8 37 43 11 30 23 15 34 32 11 38 30 25 11 7 16 32 25 24 31 41 40 33 16 11 34 37 25 23 38 26 11 35 35 0 14 23 21 21 3 8 13 0 10 35 28 49 36 14 32 36 25 6 19 33 9 9 47 44 27 
37 36 12 36 32 30 13 15 46 19 33 7 29 23 30 42 8 8 42 44 31 43 34 30 29 24 20 11 34 15 37 19 6 11 32 44 10 21 13 13 16 3 39 16 46 1 18 47 48 13 2 31 40 13 17 44 46 30 23 11 49 0 28 20 25 19 6 23 38 44 49 8 30 4 7 0 22 39 15 29 15 29 8 31 22 13 26 29 16 40 41 19 40 38 24 21 17 34 18 44 
49 26 27 3 44 47 36 2 42 19 32 35 23 8 21 49 48 30 44 39 3 48 28 4 4 34 1 20 48 20 25 7 23 47 2 9 8 41 44 1 49 35 5 44 41 13 32 46 28 34 47 0 2 40 11 8 44 44 49 18 14 10 46 33 37 48 29 25 24 25 21 28 41 3 49 49 0 15 26 15 14 45 32 29 4 32 29 25 20 28 21 18 11 19 14 32 4 24 7 22 
41 7 28 29 45 40 48 43 32 29 15 0 1 16 5 2 43 38 40 38 44 2 46 5 13 10 17 33 29 42 11 38 5 48 36 25 34 27 41 5 7 39 33 44 38 36 29 7 31 24 42 17 21 48 45 4 10 25 15 32 32 20 43 3 11 28 3 1 46 4 12 28 27 30 4 21 28 0 39 28 4 17 13 15 10 46 36 6 30 5 7 19 27 42 47 49 42 14 0 4 
29 37 16 40 42 34 6 38 20 11 16 36 48 39 39 3 49 20 17 12 12 7 25 30 1 43 18 34 47 49 44 48 1 15 28 45 41 19 16 34 32 11 49 29 16 17 44 43 15 39 12 6 8 10 20 32 32 35 34 48 21 8 27 2 36 39 19 28 1 30 45 39 25 7 11 49 42 46 0 39 16 2 11 16 26 44 12 27 2 0 41 6 40 4 19 9 44 38 8 2 
14 30 29 7 25 5 15 0 48 18 1 33 33 5 26 49 41 46 29 18 25 15 35 19 29 33 27 25 34 26 40 18 45 4 3 20 29 40 17 35 20 11 36 18 30 34 45 20 44 4 48 24 19 39 46 29 5 10 2 33 40 3 5 46 36 45 42 26 14 32 4 13 7 6 33 16 43 34 31 0 30 41 41 27 16 45 46 4 35 27 36 46 46 6 17 42 26 33 26 4 
25 22 46 32 34 28 41 31 2 16 45 33 4 0 27 42 23 8 44 27 42 39 29 14 21 12 36 13 1 27 35 14 42 38 49 45 41 48 29 4 28 19 41 23 41 2 35 22 14 42 26 2 29 44 22 18 20 42 40 46 23 19 23 7 25 45 23 24 0 6 38 30 19 40 44 6 47 20 33 34 0 16 10 44 21 35 23 31 2 46 28 29 25 4 23 13 0 45 1 49 
37 36 26 14 9 40 21 10 42 17 5 8 30 46 33 6 10 19 34 36 17 27 12 48 3 41 12 21 29 30 10 21 35 13 37 39 4 46 20 44 43 5 22 8 16 29 47 14 14 0 48 49 31 30 34 8 1 27 23 13 18 38 5 35 28 2 31 9 6 18 23 32 26 6 45 4 2 30 48 22 19 0 4 32 0 33 17 24 21 13 44 2 24 29 6 13 35 6 34 48 
34 37 27 9 8 9 40 10 6 47 37 11 14 9 46 26 33 15 33 44 30 49 26 44 17 24 41 23 13 0 10 38 42 41 34 37 7 48 30 34 49 2 47 23 26 9 33 23 42 5 3 31 27 11 42 0 40 36 47 49 13 42 9 26 12 16 23 42 47 1 27 8 45 18 15 29 38 26 28 36 36 2 0 24 38 2 30 42 20 6 37 26 5 42 19 13 18 30 41 5 
38 9 45 38 37 7 0 0 21 19 8 3 27 39 40 1 8 47 14 37 13 43 49 33 13 20 37 15 32 8 23 45 35 42 29 26 35 45 38 5 5 47 19 22 2 7 39 11 31 34 19 44 1 29 48 32 8 41 18 13 13 0 33 16 36 40 39 15 32 37 44 37 45 19 11 17 30 14 26 26 25 33 24 0 22 1 6 45 42 18 21 11 15 34 46 46 35 24 34 45 
14 32 25 14 15 49 16 6 16 4 48 8 19 37 17 8 4 22 34 8 44 17 49 12 32 13 32 25 5 26 20 37 45 49 1 0 27 25 47 12 38 35 11 4 24 22 18 41 47 22 19 37 5 8 12 41 3 13 30 37 5 12 7 42 18 49 21 5 38 3 5 41 5 4 41 25 1 18 23 41 46 0 3 39 0 36 19 43 2 5 7 41 31 23 48 21 41 14 35 9 
36 2 11 34 39 32 9 23 28 29 6 17 17 6 18 24 37 34 11 41 0 7 49 48 30 16 48 4 34 28 28 4 2 48 5 9 44 26 10 39 2 49 25 30 43 7 1 3 11 26 35 24 48 3 1 37 42 20 48 46 41 22 37 42 1 28 2 35 6 0 8 6 40 6 29 30 35 0 16 44 23 26 7 23 28 0 7 42 5 11 28 34 21 20 4 38 9 31 22 49 
36 16 23 18 41 5 3 19 11 25 28 44 15 10 21 18 18 38 11 21 36 2 2 36 15 44 37 16 23 29 24 33 35 19 38 32 22 45 34 18 23 14 40 7 34 26 41 7 5 31 46 23 24 33 36 24 2 45 9 1 38 16 15 24 32 29 34 37 31 48 2 32 25 43 45 43 37 11 24 39 46 1 34 7 17 40 0 20 18 33 3 11 36 18 3 23 34 33 12 49 
34 28 34 14 42 47 4 40 49 20 9 45 40 1 36 21 41 41 30 31 49 44 39 15 6 45 16 38 22 6 3 18 47 27 12 35 26 13 9 14 18 1 49 23 0 14 37 25 45 27 13 43 42 37 7 45 27 1 5 8 23 18 42 45 17 3 11 24 9 17 8 31 3 9 48 32 2 9 16 25 44 31 21 10 48 44 48 0 0 6 33 22 18 2 35 39 47 8 14 45 
26 2 15 16 26 2 24 26 22 23 13 45 37 45 44 35 39 15 13 43 7 49 35 37 29 31 38 6 12 33 35 0 48 21 33 7 44 26 39 25 32 20 44 43 4 14 11 24 32 1 44 39 42 7 36 10 10 18 27 42 0 47 40 12 15 21 41 21 18 46 18 1 10 11 11 5 8 30 34 46 28 47 49 36 13 37 47 33 0 20 43 47 32 13 18 36 7 0 5 11 
21 41 10 36 17 41 24 3 10 20 0 5 27 42 30 42 38 15 45 26 37 41 49 28 30 30 9 9 28 9 15 13 34 12 14 20 6 22 17 36 4 39 40 26 43 12 15 49 21 0 32 49 5 31 39 30 46 33 43 32 38 11 29 2 32 4 31 40 4 22 24 32 5 34 15 35 46 16 2 49 28 45 27 39 45 19 16 48 42 0 46 20 21 39 47 15 10 17 46 44 
23 33 32 11 8 3 34 14 49 19 43 45 34 22 19 0 1 25 29 5 21 45 3 6 13 33 30 35 20 10 45 31 23 33 37 1 47 4 24 25 3 33 33 20 12 38 11 6 43 24 4 28 11 45 23 27 8 43 35 33 35 9 11 1 12 33 26 15 33 19 13 27 49 16 7 47 39 44 20 37 16 6 31 5 7 8 39 16 39 31 0 5 29 36 6 47 37 27 15 15 
0 13 46 3 13 18 42 36 14 41 31 20 20 8 3 1 10 47 8 0 5 22 41 13 1 16 21 44 36 20 29 43 14 33 35 31 35 42 28 39 17 20 9 38 6 3 0 35 21 21 9 5 20 37 38 1 13 27 21 21 22 25 46 21 48 9 6 47 25 49 8 35 24 16 22 14 41 3 21 22 19 31 38 20 32 14 44 38 0 12 45 0 35 31 26 8 36 46 33 16 
39 10 21 34 41 43 32 37 25 2 42 22 45 37 49 46 3 22 15 44 15 13 30 37 49 13 7 38 15 7 49 8 20 45 18 47 42 49 34 40 5 8 32 2 42 47 41 2 21 2 35 34 49 11 27 25 4 6 31 38 43 16 3 44 9 45 19 9 17 5 26 19 31 5 26 23 42 35 25 30 48 42 15 6 28 0 26 7 12 0 30 6 0 27 23 49 42 0 2 14 
31 0 10 38 32 36 5 48 22 18 17 35 20 47 43 17 9 20 47 21 18 24 44 49 43 18 7 16 36 43 10 14 31 34 28 6 24 41 12 15 3 11 0 36 3 23 16 14 45 41 12 0 48 5 29 18 25 21 8 24 15 47 15 8 27 20 37 42 44 31 8 36 6 42 38 42 29 19 18 30 1 23 6 3 3 36 28 46 9 0 9 12 23 0 28 13 36 26 13 22 
10 10 8 19 39 10 18 45 32 14 42 30 3 35 33 8 1 12 26 5 11 27 42 41 3 2 41 12 38 20 12 34 40 42 35 3 16 47 22 32 37 15 48 18 39 41 15 16 14 4 8 40 37 25 42 42 47 3 1 30 32 5 20 32 43 48 30 6 41 30 46 4 33 22 22 2 26 16 36 39 27 31 39 22 16 6 3 15 0 42 43 27 8 30 0 20 4 11 37 7 
26 6 33 19 27 48 31 22 5 30 42 21 11 27 47 32 18 5 26 0 25 27 26 48 47 17 29 27 16 23 40 11 3 0 12 45 28 41 39 29 20 40 9 49 31 46 25 24 23 8 27 16 12 13 26 49 7 24 8 4 46 2 43 5 1 44 26 40 28 1 47 49 40 38 39 43 38 18 25 13 9 46 18 10 13 8 41 39 6 33 8 19 34 6 30 0 19 4 26 5 
17 13 22 25 45 17 5 39 34 4 7 27 46 46 8 32 28 41 25 47 36 35 9 41 27 30 41 41 7 33 49 33 9 11 25 49 4 33 44 8 25 44 29 31 38 32 44 38 43 24 44 28 11 30 14 18 13 46 12 35 18 41 31 43 46 11 30 11 20 48 47 44 10 49 45 38 2 39 8 37 18 32 47 8 49 8 32 11 48 6 22 44 40 41 40 11 0 2 32 9 
40 43 46 32 17 6 25 0 39 29 37 14 22 6 14 10 23 1 9 39 38 29 12 11 30 14 9 26 27 12 5 32 38 18 13 9 15 37 20 22 26 20 24 48 36 32 13 29 37 0 7 15 24 12 27 10 14 44 47 22 20 30 19 17 41 43 41 6 29 7 29 6 11 10 40 39 26 33 2 44 8 45 18 37 11 4 8 7 36 22 38 40 22 1 10 48 4 0 23 0 
16 6 17 24 42 26 49 9 2 9 0 29 33 21 17 1 47 12 27 10 16 1 47 7 27 0 31 42 8 37 41 26 15 42 20 21 22 22 4 10 15 37 14 25 37 11 31 28 4 29 38 45 21 22 28 24 47 28 30 8 11 1 18 28 43 41 48 32 36 5 2 4 43 34 32 11 10 36 12 1 17 46 39 7 18 32 27 40 11 44 0 45 40 48 31 47 8 39 0 49 
30 22 15 30 30 44 42 20 5 25 2 10 31 6 36 19 15 5 31 48 48 45 11 15 33 8 10 17 34 0 43 42 17 20 47 27 36 44 24 45 18 21 38 14 7 45 43 25 36 28 5 40 18 25 27 42 17 27 10 19 49 5 17 37 38 33 32 10 0 5 46 4 8 0 10 37 31 36 11 30 45 0 48 37 37 28 39 6 18 7 40 4 0 45 3 49 18 45 20 0 
