1 17 17 17 82 89 17 82 25 82 17 17 25 82 17 82 17 25 82 25 25 25 82 17 25 17 17 25 25 17 25 25 82 17 17 82 17 17 17 17 82 42 17 17 17 17 17 25 25 25 25 25 17 82 55 82 17 17 17 25 17 17 17 17 82 25 25 17 17 25 25 17 17 17 17 25 17 25 17 17 25 82 25 17 25 17 82 25 89 25 82 25 17 17 17 25 55 25 17 82 
1 2 8 28 31 8 7 8 8 28 71 28 8 8 28 28 71 8 8 28 21 22 28 24 28 8 28 28 21 22 31 94 8 24 22 8 37 8 8 8 94 31 8 44 94 71 22 8 71 71 8 8 44 8 31 71 28 22 8 28 73 8 94 24 71 28 8 7 28 31 71 94 73 8 94 28 7 31 8 28 31 71 71 8 8 7 22 28 8 28 71 73 31 94 31 28 94 31 28 8 
12 2 3 19 93 19 19 8 12 100 12 12 8 12 12 12 17 8 19 47 12 12 12 12 93 8 90 90 12 8 12 12 12 12 8 12 12 8 8 8 41 47 12 8 12 12 47 8 8 8 8 8 12 12 8 19 93 12 100 100 73 8 12 12 19 90 8 8 90 12 8 72 73 12 93 12 47 12 72 80 12 12 12 8 12 12 100 12 8 90 12 73 93 12 12 12 12 12 8 100 
77 6 80 4 31 6 6 80 80 6 31 80 80 6 77 80 77 80 19 77 77 22 80 24 25 80 6 80 77 95 31 31 80 24 77 36 31 80 80 6 6 31 77 31 80 6 80 80 80 80 80 80 6 6 31 6 31 80 24 60 6 80 6 77 6 66 6 77 80 31 80 80 6 6 31 80 77 31 80 80 31 77 31 80 80 95 36 6 31 6 36 31 31 6 95 77 31 31 95 6 
24 31 31 70 5 6 70 31 6 60 31 31 31 6 16 16 31 31 60 31 6 6 6 24 31 31 70 70 6 31 31 70 6 24 31 36 31 70 70 6 6 31 24 31 70 6 31 70 31 70 31 31 6 6 31 6 31 6 24 60 6 31 6 24 6 60 6 70 70 70 31 31 6 6 31 76 31 31 6 70 31 82 31 70 31 24 6 6 31 70 82 31 31 6 31 31 31 31 31 6 
67 73 90 90 56 6 7 67 67 67 53 53 90 67 67 90 73 56 90 54 56 54 54 67 56 56 27 90 67 7 56 94 67 67 7 56 56 27 56 67 41 73 67 67 94 56 56 67 67 27 41 54 53 54 27 56 67 58 67 67 73 56 56 58 56 90 67 7 67 56 67 27 73 67 75 54 56 81 67 27 81 67 54 90 54 7 54 54 54 90 73 73 56 94 90 54 81 67 7 67 
77 2 68 86 86 68 7 68 25 2 92 68 25 68 16 16 77 18 16 77 77 68 54 77 25 68 68 2 68 30 68 86 68 77 68 16 68 68 86 16 86 68 77 68 16 68 68 68 2 77 68 16 68 54 68 68 68 86 86 2 77 86 68 77 68 16 68 68 68 68 2 68 68 68 86 68 77 77 68 86 68 16 68 68 68 86 68 68 89 16 68 92 86 86 86 25 86 68 68 77 
67 26 84 84 71 33 67 8 26 67 67 48 84 67 67 71 71 18 26 26 67 67 67 67 67 26 33 18 67 26 31 26 33 67 18 26 31 26 26 67 84 26 67 67 84 71 18 48 71 50 26 18 67 67 50 33 67 33 67 67 26 84 67 33 71 67 67 18 67 26 71 67 26 67 71 18 26 81 26 67 81 71 71 84 18 33 26 67 18 33 26 26 71 33 84 67 50 26 26 67 
30 2 21 79 5 21 79 8 9 2 21 12 92 79 21 2 92 8 98 20 21 22 21 79 93 8 79 2 21 30 5 79 12 21 30 36 79 47 79 21 21 5 30 30 98 30 47 47 2 79 51 52 21 21 5 21 98 30 79 60 20 79 79 30 21 60 21 79 20 5 2 79 51 12 93 12 47 21 79 79 30 21 21 79 52 79 22 79 52 21 30 92 93 2 92 79 30 98 30 79 
12 12 12 60 12 12 12 12 12 10 12 12 12 12 12 12 12 12 60 12 12 12 12 24 12 12 12 12 12 60 12 12 12 24 60 12 12 12 12 12 12 12 12 60 12 12 12 12 12 12 12 12 12 12 60 56 12 12 12 60 61 12 12 12 12 60 12 12 12 12 60 24 12 12 12 12 24 12 12 12 12 12 12 12 12 12 12 12 12 12 12 60 12 12 12 12 12 60 60 12 
64 73 84 73 5 5 5 73 84 73 11 84 84 5 64 84 73 73 98 34 34 22 80 43 64 80 27 73 34 48 5 5 84 34 73 80 5 80 84 84 84 5 43 34 84 73 80 48 73 27 51 64 5 5 5 5 84 80 43 5 73 84 73 64 73 5 5 73 84 5 73 80 73 5 5 84 34 64 73 80 5 5 5 84 84 34 73 84 73 5 73 73 5 73 5 73 5 98 98 64 
76 11 21 76 11 21 14 21 21 76 11 12 84 14 21 16 76 46 36 76 21 21 76 14 76 14 11 76 21 21 76 94 33 11 21 36 76 14 84 21 14 76 76 76 76 46 14 76 76 76 51 76 76 76 76 21 76 33 14 76 11 84 14 76 76 16 21 14 76 36 76 14 11 74 76 76 36 76 21 14 76 33 21 84 76 33 36 76 76 21 36 11 76 94 95 76 76 11 21 14 
9 9 3 70 9 9 70 9 9 10 92 9 13 70 9 92 92 92 9 9 9 9 9 92 85 9 70 9 9 9 9 70 92 9 9 9 9 9 9 40 9 9 92 9 70 92 9 70 71 70 9 9 70 9 70 9 70 9 9 9 70 9 9 9 65 70 9 92 70 70 71 9 92 74 9 92 9 9 9 70 9 9 9 70 85 9 92 92 89 70 92 92 9 9 92 92 85 9 99 70 
24 100 21 100 100 21 63 80 29 100 29 63 63 14 21 63 17 80 100 24 21 21 80 24 25 80 21 29 29 29 24 100 100 24 63 100 24 80 63 78 100 24 24 100 24 63 100 100 78 80 80 78 21 21 24 21 63 100 100 100 29 63 63 24 21 100 21 63 24 100 78 80 29 63 29 63 24 78 29 80 24 21 21 63 63 100 100 63 89 21 100 29 29 100 100 25 78 29 63 100 
76 93 3 76 93 3 96 3 76 76 76 3 93 3 15 96 76 96 3 96 21 96 76 76 93 3 3 93 76 96 76 59 3 76 76 3 76 3 3 3 93 76 76 76 76 76 3 48 3 76 3 96 76 76 76 76 93 59 59 76 96 76 96 76 76 96 3 96 69 76 3 3 3 74 93 76 76 76 59 76 76 96 21 3 76 76 76 96 76 3 59 76 93 59 76 96 76 76 96 3 
66 9 15 66 5 66 17 82 9 45 25 15 25 82 15 16 17 25 66 25 9 25 82 82 25 45 90 90 52 52 5 5 66 82 52 36 5 90 17 45 66 5 45 45 45 52 45 82 45 25 45 52 25 82 5 66 45 66 15 5 90 17 82 66 65 66 66 25 45 5 45 45 45 82 15 15 36 5 9 90 5 82 82 66 52 52 36 25 52 90 82 25 15 66 5 25 97 9 52 66 
24 7 15 62 79 6 7 62 62 62 53 79 7 79 15 7 17 7 15 7 7 7 15 24 7 62 79 7 79 7 24 79 79 24 7 62 79 62 62 62 79 62 24 62 24 7 62 62 62 79 7 7 53 15 24 6 7 79 15 62 62 62 79 24 79 7 6 7 62 24 62 79 62 74 79 15 7 24 79 62 24 7 7 79 15 79 7 7 62 6 7 92 79 79 62 15 79 62 7 79 
52 68 68 52 52 52 68 68 52 52 52 68 68 52 68 68 52 18 36 68 52 68 52 68 52 68 52 52 52 68 52 94 68 52 68 36 52 47 52 52 41 47 52 68 52 68 47 48 68 52 68 52 68 52 52 52 68 52 52 52 68 52 68 52 52 52 52 68 68 36 68 68 52 52 52 52 47 68 68 52 52 68 68 68 52 52 68 68 52 52 68 52 52 94 52 52 52 52 68 52 
6 6 84 4 6 6 6 6 6 10 6 10 84 6 6 6 6 6 19 6 6 6 6 6 6 26 6 6 6 6 4 6 100 6 6 4 4 4 39 6 6 42 6 6 6 6 100 6 6 6 26 6 6 6 6 6 6 100 100 60 6 6 6 100 6 6 6 6 6 6 6 4 6 6 6 10 4 6 6 4 6 100 6 84 6 100 100 6 6 6 6 6 6 6 4 6 6 6 6 100 
61 69 11 61 11 61 32 68 29 69 11 61 11 32 69 61 69 69 11 20 29 69 69 11 86 61 11 69 29 68 69 32 86 11 68 61 61 69 86 86 86 69 11 68 32 68 69 11 69 11 68 69 69 69 69 61 68 86 86 11 61 86 61 86 65 61 61 68 69 11 69 61 69 61 86 69 61 69 61 61 69 86 86 11 69 86 69 69 69 61 68 69 86 86 61 32 86 11 68 32 
83 29 3 83 29 6 6 3 29 6 29 3 83 6 15 83 83 3 3 29 21 22 6 29 29 3 6 90 29 22 29 6 33 29 35 83 29 6 29 6 6 29 29 35 29 35 3 6 6 6 83 83 6 6 29 6 83 6 59 6 83 29 6 29 6 90 6 83 6 6 6 3 83 74 83 3 29 83 29 6 6 83 83 29 83 29 22 6 83 90 83 83 29 6 29 15 83 29 83 6 
30 87 30 30 30 33 87 30 30 30 30 30 30 30 30 30 30 30 87 68 30 22 68 30 30 30 47 87 30 30 68 30 33 30 30 33 30 47 30 30 87 47 30 30 30 30 47 47 30 30 68 30 30 68 68 33 68 30 87 30 68 30 68 30 68 30 33 68 68 68 30 68 68 30 87 68 47 30 68 97 30 33 68 30 68 87 87 68 30 47 30 30 87 30 68 96 97 30 30 30 
52 9 52 52 52 52 9 52 9 52 52 48 52 48 49 49 52 52 9 9 9 52 23 48 52 52 52 52 52 48 52 52 48 34 52 48 9 38 52 52 52 42 48 52 49 52 9 48 49 52 52 52 52 49 52 52 52 52 52 49 52 52 9 52 52 49 52 52 52 52 9 9 52 48 52 52 81 81 9 52 81 49 52 52 52 52 49 49 52 52 52 52 52 52 52 52 52 9 48 48 
64 64 84 34 59 34 64 34 34 64 64 53 64 64 64 64 64 34 34 34 34 64 72 24 64 34 31 64 34 64 31 31 64 34 34 64 31 59 84 64 64 31 64 34 64 64 64 64 64 64 64 64 53 72 31 34 64 59 59 64 64 84 59 64 34 64 31 34 64 31 64 72 64 53 31 64 34 64 59 34 31 64 31 84 64 34 64 64 64 31 59 64 31 59 31 64 64 31 34 64 
64 13 13 13 13 13 96 96 13 13 53 53 13 50 96 96 13 96 96 96 13 96 96 64 25 96 13 28 13 13 96 13 96 13 13 96 13 13 13 50 96 96 64 44 96 13 13 13 13 50 13 96 53 96 50 50 13 13 13 60 96 13 96 64 13 96 50 13 96 13 13 13 53 13 96 96 77 96 13 13 96 96 13 96 13 13 96 96 96 13 13 13 96 13 13 96 50 13 13 64 
38 51 42 51 51 36 36 42 51 36 51 38 36 38 36 36 51 30 36 77 51 51 23 38 38 26 36 51 51 30 51 36 38 38 30 36 51 38 39 39 36 42 38 30 38 30 51 38 30 38 51 52 30 36 42 36 42 38 59 39 51 36 51 38 36 36 36 77 39 36 30 51 51 38 51 38 77 38 51 51 30 83 83 30 52 36 36 39 52 36 36 51 36 38 51 77 38 51 30 36 
61 61 80 61 50 61 61 80 50 50 50 48 80 50 50 80 50 80 80 24 48 50 50 24 61 80 27 80 29 48 24 80 33 24 48 80 61 80 80 50 80 80 48 50 80 46 80 48 49 50 80 50 24 50 50 50 80 80 24 50 61 80 61 24 50 61 50 50 50 50 50 80 61 50 50 48 24 24 61 80 24 49 48 80 50 61 50 50 50 61 80 50 50 80 61 50 50 50 48 50 
24 69 90 4 16 4 94 67 16 10 10 10 16 10 16 16 71 96 10 69 10 69 23 24 16 71 90 28 10 10 10 94 10 24 10 10 10 4 90 67 94 10 24 67 16 71 69 90 71 71 57 16 10 10 71 4 57 10 24 10 69 90 10 24 71 16 67 94 69 10 71 4 69 10 94 10 4 24 69 4 10 82 71 90 10 10 10 69 16 90 82 69 71 94 95 96 10 10 99 10 
11 9 11 11 93 9 9 9 9 93 11 9 11 9 9 93 9 9 9 9 9 9 9 11 93 11 11 93 29 9 31 9 9 34 9 9 9 11 11 9 93 31 11 34 11 9 9 11 9 11 9 9 9 9 31 9 93 9 34 93 11 11 9 11 9 90 9 34 11 93 9 9 11 9 93 9 34 31 9 11 31 9 9 11 9 34 9 93 9 90 9 9 93 9 31 93 31 9 9 9 
58 58 35 35 35 19 58 35 99 10 99 12 35 58 35 35 58 35 19 99 21 58 35 58 58 35 99 99 99 30 99 58 12 99 35 12 37 35 35 58 58 99 58 35 58 35 35 35 71 58 35 35 35 35 99 35 58 58 99 99 35 35 58 58 71 35 35 99 58 99 71 58 58 12 58 35 58 58 79 58 81 35 71 35 35 35 58 99 35 99 35 35 99 58 99 96 58 35 99 58 
81 93 42 70 93 42 37 42 81 93 81 42 93 37 42 81 37 42 81 81 81 37 42 93 93 42 70 93 37 37 31 37 42 81 37 81 37 55 81 81 93 42 81 42 37 81 93 70 37 70 42 81 42 42 55 42 42 37 37 93 81 81 37 81 42 70 42 37 81 70 55 42 81 42 93 42 81 81 81 55 81 81 81 81 81 81 70 37 42 70 37 37 93 81 95 37 55 42 81 37 
58 7 84 84 7 19 7 45 14 14 14 63 84 14 7 7 14 96 19 96 14 96 96 14 7 45 27 7 14 7 96 32 14 14 7 63 96 14 84 45 14 84 45 45 45 7 14 48 49 58 45 96 7 96 96 19 45 58 14 14 96 84 63 58 19 96 19 7 45 84 45 45 45 63 7 96 7 14 7 14 96 7 14 84 96 7 14 96 96 19 7 7 7 58 84 96 97 14 7 14 
58 58 6 86 86 6 6 6 6 6 12 12 36 6 58 36 58 6 36 77 21 86 6 58 58 6 6 6 21 58 86 58 33 58 58 36 58 6 86 6 6 86 58 6 58 6 86 58 6 6 6 6 6 6 6 6 58 58 86 58 6 86 6 58 6 6 6 58 58 36 6 6 6 6 86 12 77 58 58 6 6 82 86 6 12 86 36 6 6 6 36 6 86 58 86 58 58 58 58 58 
77 77 21 4 86 19 86 44 29 44 29 44 77 86 44 77 77 44 19 77 21 86 86 77 77 44 19 86 29 77 86 86 33 34 77 4 86 4 86 77 86 86 77 44 77 77 86 77 44 50 44 77 44 19 50 19 77 86 59 77 77 86 77 77 19 77 19 77 77 86 44 4 77 19 86 77 77 77 29 4 86 77 86 44 77 86 86 77 77 19 86 77 86 86 4 77 86 29 77 77 
30 30 3 46 91 46 30 44 91 44 53 3 91 44 44 91 17 46 3 53 30 30 76 30 91 44 53 46 30 30 76 30 44 30 35 44 30 44 46 44 46 46 30 44 30 46 44 46 30 44 44 46 53 76 44 91 57 30 44 44 44 46 91 30 91 91 44 46 46 91 30 3 44 44 91 76 44 30 91 44 30 82 30 46 46 46 76 46 46 3 91 44 91 30 46 30 30 44 30 30 
77 87 70 19 91 19 70 19 91 19 19 19 91 19 91 91 77 19 19 77 77 86 19 19 91 19 70 70 19 70 91 70 19 19 70 36 91 19 86 19 19 91 77 19 70 19 86 70 19 70 70 91 19 19 70 19 70 86 19 19 61 86 19 77 19 91 19 70 70 70 19 19 19 19 86 19 77 77 91 19 19 91 86 70 91 86 87 19 91 70 91 91 86 19 19 70 87 91 87 19 
32 32 32 32 35 32 32 35 92 14 92 32 92 14 35 96 92 96 32 96 14 96 96 14 32 35 92 32 14 35 96 32 14 14 35 35 37 14 32 32 14 96 92 35 32 35 96 32 49 35 32 96 35 96 96 35 32 32 59 60 92 32 32 32 35 96 35 32 32 92 35 32 92 32 75 96 32 96 92 14 96 49 14 32 96 32 92 96 35 32 35 92 32 32 92 96 32 92 35 14 
58 58 48 58 58 48 58 48 48 58 48 48 58 48 58 58 58 48 36 58 48 58 48 24 58 58 48 58 48 48 48 58 48 24 48 36 58 38 58 58 58 48 58 48 58 48 58 48 48 58 58 58 48 48 58 58 58 58 58 58 58 58 58 58 48 58 48 58 58 36 48 58 58 48 58 48 58 58 58 58 48 58 48 58 48 48 58 58 58 48 58 58 48 58 48 58 58 58 48 58 
40 40 42 40 40 42 37 40 40 40 40 40 40 42 40 40 40 40 42 40 40 40 42 40 25 40 42 28 40 35 31 37 40 40 35 40 37 40 39 40 42 42 40 40 42 35 40 40 40 50 40 40 40 42 42 42 42 35 42 40 40 40 40 40 40 40 42 40 40 31 40 42 40 42 42 76 40 31 40 40 31 40 40 40 40 86 40 40 42 42 35 40 31 42 31 37 42 42 42 42 
43 9 44 71 9 9 9 44 9 10 44 10 44 44 44 71 71 44 9 69 9 69 44 43 71 26 9 9 9 9 69 9 33 43 9 26 9 26 26 40 44 42 43 44 44 71 69 43 71 71 26 44 44 44 69 9 57 9 26 60 69 44 9 43 71 60 44 44 69 26 71 57 69 44 71 69 26 69 9 44 69 71 71 44 44 9 69 69 69 69 26 69 71 9 71 44 69 9 9 44 
77 51 32 51 51 77 32 77 51 32 77 32 32 32 69 32 77 96 32 77 77 69 23 32 77 32 27 51 32 32 69 32 32 32 32 32 51 69 32 32 41 51 77 77 32 32 69 32 32 77 51 77 32 77 69 77 32 32 32 77 51 32 32 77 51 96 77 32 69 51 32 32 51 32 51 69 77 77 51 32 69 77 83 32 77 32 32 69 51 51 32 51 32 77 95 96 32 51 32 32 
67 6 3 6 6 6 6 8 57 44 67 3 8 67 44 44 89 8 98 88 3 88 6 57 6 8 6 89 67 89 3 6 8 57 89 3 37 8 98 67 6 42 67 44 98 6 3 67 8 8 57 8 6 6 55 6 57 89 67 44 6 98 6 57 6 6 67 6 67 6 8 57 6 67 6 3 6 6 57 6 6 8 3 8 8 89 6 88 89 6 89 89 6 6 95 44 55 98 98 67 
24 24 24 24 24 98 24 24 13 24 48 48 13 48 24 91 24 48 98 24 48 24 48 24 24 24 48 24 48 48 24 24 48 24 48 48 24 48 24 24 24 24 43 24 24 48 24 48 48 50 24 24 24 48 24 91 24 48 24 24 24 24 48 24 48 91 50 24 24 24 48 24 24 48 24 48 24 24 24 48 24 24 48 24 48 24 24 24 24 24 91 24 24 48 24 24 24 98 48 24 
8 8 84 84 53 33 8 8 8 10 53 10 84 8 15 16 92 8 98 53 10 8 8 10 16 8 53 8 29 8 8 8 33 10 8 8 8 8 8 8 84 8 8 44 84 8 47 8 8 8 8 8 53 8 8 33 8 33 15 10 61 84 8 33 8 10 8 8 8 8 8 80 8 8 15 76 8 8 8 80 8 8 8 84 8 33 8 8 8 33 8 92 15 10 84 15 8 98 98 8 
57 40 16 57 16 57 57 40 40 40 40 40 16 40 16 16 16 40 16 40 40 40 57 40 16 40 57 28 40 40 40 57 40 40 40 16 40 40 40 40 57 57 40 40 45 40 40 40 40 40 57 52 40 57 40 57 57 59 59 40 57 40 40 57 40 16 40 40 40 16 40 57 57 40 57 40 40 40 40 40 57 16 40 40 52 40 57 40 52 16 16 57 57 57 95 96 16 40 40 57 
89 62 84 62 89 89 89 84 84 89 89 48 84 89 15 84 89 18 84 18 48 18 89 62 18 62 89 89 18 89 62 89 48 18 89 18 62 62 62 62 41 62 48 89 84 46 47 48 62 62 89 18 62 89 62 89 89 89 59 60 62 62 18 89 89 60 89 18 62 84 62 62 62 89 89 18 62 62 18 62 62 18 18 84 18 89 18 18 89 89 89 89 89 89 62 89 18 62 18 84 
77 69 42 90 90 42 38 42 42 90 77 38 77 42 42 90 77 18 42 77 77 69 42 77 77 42 90 90 77 38 69 38 38 77 77 38 38 38 77 42 42 42 77 42 77 77 47 38 42 90 42 18 90 42 42 42 42 38 77 77 69 90 69 77 42 90 42 77 69 42 42 42 69 42 38 38 77 77 69 90 42 77 77 90 18 77 69 69 42 90 38 69 38 38 90 77 38 42 38 77 
30 93 21 30 93 21 12 30 21 12 12 12 30 12 21 12 30 30 12 12 21 21 12 43 93 30 27 93 21 30 12 12 12 21 30 12 12 80 30 21 93 12 43 30 30 30 93 48 30 27 30 30 12 12 12 21 93 30 12 12 12 30 12 30 12 12 21 30 30 12 30 80 12 12 93 12 21 30 21 80 30 21 21 12 12 12 12 12 30 21 30 12 93 12 12 96 30 21 30 12 
82 73 16 4 82 60 82 82 82 60 54 60 82 82 16 16 16 82 60 54 82 54 54 82 16 82 16 16 82 60 54 82 82 82 54 82 54 38 82 16 82 54 16 16 16 54 54 54 49 16 16 16 16 54 60 54 16 38 82 60 73 84 82 54 54 16 82 54 16 82 82 16 73 82 54 54 82 54 82 82 54 82 54 84 16 82 54 54 16 16 82 60 54 38 95 16 54 60 60 82 
67 67 55 67 56 33 56 67 67 67 67 55 55 67 67 55 55 56 55 67 67 67 23 67 56 67 56 56 67 67 56 55 33 34 55 67 55 55 56 67 67 56 67 67 55 56 67 67 55 50 67 23 67 67 55 56 67 67 67 67 67 56 56 67 56 67 67 55 67 56 55 55 67 67 56 55 56 67 67 55 56 55 67 55 23 33 67 67 23 56 55 55 56 55 55 55 55 67 55 67 
1 73 9 73 5 9 9 73 9 73 73 12 73 9 9 73 73 73 9 9 9 9 23 24 1 73 9 73 9 9 5 9 12 24 9 12 9 73 9 9 75 42 73 9 9 73 9 23 73 73 51 9 9 9 5 9 42 9 73 5 73 9 9 9 73 66 9 73 73 5 73 9 73 12 75 12 73 5 9 73 5 9 9 9 9 9 73 73 89 73 73 73 9 73 95 73 9 9 9 9 
76 86 89 86 85 89 89 89 29 89 89 89 89 85 89 89 89 89 89 76 29 86 76 76 85 89 89 89 29 89 76 86 86 29 89 85 37 85 86 89 89 76 76 89 76 89 86 89 89 89 89 52 76 76 76 89 89 86 86 89 89 86 89 76 89 89 89 89 85 76 89 89 89 89 86 76 89 76 29 85 76 85 85 85 85 86 76 76 89 89 89 89 86 86 95 89 85 98 89 85 
11 11 11 61 11 11 12 11 12 12 11 12 11 12 12 12 11 71 12 20 12 86 12 11 86 71 11 11 12 11 31 12 12 11 11 12 31 11 11 31 11 31 11 31 11 71 11 11 71 11 11 12 53 12 31 11 31 86 86 11 61 11 12 11 71 66 67 11 20 11 71 11 11 74 86 12 11 31 61 11 31 71 12 11 12 86 12 12 12 61 12 11 86 12 12 11 12 11 11 12 
88 87 11 61 56 23 87 35 23 88 11 23 11 32 96 96 88 96 87 88 23 88 23 24 88 56 11 87 23 88 88 32 88 11 35 83 88 38 56 88 56 88 11 35 88 56 47 23 23 11 56 23 88 54 88 56 23 38 23 23 61 56 88 88 56 96 23 88 88 70 87 23 11 23 56 88 56 88 23 11 88 83 83 11 23 23 87 88 23 70 35 23 56 38 88 96 87 23 83 87 
12 9 3 71 92 19 92 80 9 97 92 12 92 12 92 92 92 92 19 92 9 92 80 43 92 80 92 97 9 92 12 94 12 92 92 12 92 80 80 80 80 80 43 92 80 92 80 80 71 71 80 52 12 71 55 92 92 80 12 71 92 80 9 12 71 66 80 92 80 92 71 80 92 12 94 12 80 71 9 80 12 71 71 80 52 9 97 92 92 3 92 92 71 94 92 92 97 9 92 12 
65 93 63 65 93 6 63 93 21 93 21 63 93 63 21 63 65 65 26 77 21 65 6 93 93 26 27 93 21 26 93 70 63 21 63 26 93 26 65 65 93 93 77 63 70 65 47 48 65 27 26 65 6 6 93 56 93 26 26 93 27 65 63 77 65 70 6 63 65 70 93 27 26 63 93 63 77 93 21 27 93 65 21 63 65 63 65 65 65 70 26 65 93 6 93 93 70 98 63 63 
64 51 72 4 51 6 6 6 51 6 51 51 51 6 51 6 51 6 51 51 51 6 6 24 64 6 6 51 51 51 24 6 100 24 51 4 51 4 6 6 6 72 64 6 64 6 51 72 6 72 51 6 6 6 72 6 57 58 24 6 51 6 6 64 6 6 6 51 69 6 6 72 51 6 6 51 24 64 51 4 6 64 51 6 6 51 87 6 51 6 51 51 6 6 51 51 72 51 51 100 
64 64 94 64 91 64 94 64 91 64 64 64 91 94 64 91 64 94 94 64 94 64 64 64 64 97 64 64 94 68 91 94 64 64 68 64 37 97 64 64 94 91 64 64 64 68 64 64 64 64 64 64 64 64 64 91 64 58 64 64 64 64 94 64 91 91 64 68 64 91 64 94 64 64 94 68 64 64 64 97 91 64 94 94 85 94 97 68 64 91 91 64 91 94 64 94 97 64 68 64 
58 58 5 58 5 5 58 5 58 58 58 12 58 58 58 58 58 58 58 20 58 58 5 58 58 58 79 58 58 58 5 58 58 58 58 5 5 38 58 58 58 5 58 5 58 46 58 58 58 58 58 58 5 5 5 5 58 58 59 5 58 58 79 58 5 5 5 58 58 5 58 79 58 5 58 5 58 58 79 58 5 58 58 58 58 79 58 58 58 5 58 58 5 58 5 58 58 5 58 58 
30 19 66 19 5 19 19 30 92 10 92 10 92 10 30 30 92 30 19 66 10 66 19 10 30 19 19 19 30 30 31 19 10 10 30 10 31 19 66 19 19 31 30 30 30 30 19 19 49 19 19 52 19 19 55 19 31 30 19 60 19 66 19 30 19 66 19 92 19 70 30 19 19 10 19 10 19 31 92 19 31 66 10 66 10 10 19 66 30 19 30 92 31 19 19 92 55 98 30 19 
1 2 4 4 79 4 79 4 73 90 73 79 4 79 1 90 1 79 4 4 4 79 4 4 1 4 90 90 79 30 4 79 79 4 30 4 79 4 4 67 4 4 4 44 4 79 79 4 2 90 4 79 90 4 4 4 57 79 59 90 61 4 79 4 4 90 67 79 90 70 2 79 73 67 79 79 4 4 79 4 4 1 79 4 79 79 4 90 79 90 91 73 79 79 4 79 79 4 30 100 
4 69 39 4 4 4 69 39 39 39 53 39 4 4 69 39 69 69 4 69 39 69 4 4 4 4 4 39 39 69 4 4 39 4 39 4 4 4 39 39 4 39 39 39 4 69 69 4 39 4 4 69 53 4 4 4 39 4 4 39 69 62 69 4 4 39 4 4 69 4 39 4 69 4 4 69 4 4 39 4 4 39 39 4 69 69 69 69 69 4 4 69 4 4 4 4 4 39 69 4 
12 7 84 84 7 12 7 7 84 12 12 12 84 12 7 7 12 7 12 7 12 7 12 12 7 80 12 7 12 7 12 12 12 34 7 12 12 80 84 84 84 12 12 7 84 46 80 84 7 80 7 7 12 12 12 12 7 7 12 12 12 84 63 12 12 7 80 7 84 12 7 80 12 12 7 12 7 12 7 80 12 7 12 84 12 7 12 7 7 84 7 7 7 12 12 7 12 84 7 12 
1 2 78 1 78 45 1 2 1 100 78 43 1 100 15 45 1 69 43 78 43 22 50 43 1 45 78 2 43 22 43 2 100 34 78 1 1 69 1 45 100 1 43 45 45 78 69 43 2 50 45 78 1 1 50 50 45 100 100 60 69 1 1 64 50 45 50 1 69 1 2 45 69 1 78 69 78 78 1 78 43 1 100 78 78 34 100 69 78 2 1 92 15 2 1 1 78 43 22 100 
1 2 46 46 88 46 88 46 51 10 88 46 46 46 46 49 1 46 46 88 46 88 88 1 1 46 46 46 46 88 88 88 88 1 46 46 88 46 46 46 46 46 88 46 46 46 46 46 49 46 51 46 88 88 88 46 46 46 46 46 51 46 88 88 65 46 46 46 46 88 2 46 51 46 75 88 46 88 51 46 88 49 46 46 46 46 88 88 46 46 46 46 88 46 46 1 46 51 46 46 
58 19 84 19 19 19 19 19 19 19 19 19 84 19 58 19 58 19 19 88 19 22 19 58 58 19 19 19 19 22 19 19 19 58 22 19 58 19 84 19 19 19 58 19 58 19 19 19 19 19 19 19 19 19 55 19 58 58 19 19 19 84 19 58 19 66 19 19 19 19 19 19 19 19 19 88 19 58 19 19 19 82 19 84 19 19 19 88 19 19 58 19 19 19 19 19 58 19 99 19 
1 40 14 14 74 14 14 40 40 40 74 40 1 14 40 40 1 40 40 54 14 54 54 14 1 40 74 40 14 40 54 14 14 14 40 40 40 40 40 40 14 40 40 40 14 40 40 48 40 40 40 54 40 54 40 54 40 14 14 40 40 40 14 14 40 40 67 14 40 40 40 14 40 74 75 54 14 14 40 14 54 40 14 40 54 40 54 54 54 90 40 40 14 14 74 54 14 40 40 14 
99 2 35 35 35 57 88 35 57 35 35 88 35 35 35 35 99 35 35 88 35 88 88 57 88 35 79 99 99 35 88 35 35 99 35 35 79 35 35 35 35 88 35 35 35 35 69 35 71 35 57 35 35 88 88 35 57 35 99 35 88 35 88 35 65 35 35 68 69 88 71 57 57 35 83 88 77 88 79 35 88 83 83 35 88 79 88 88 35 57 35 35 88 35 88 35 35 35 99 35 
88 73 15 73 88 89 88 73 73 73 73 88 73 14 15 73 73 18 88 88 47 88 88 88 88 73 47 73 88 88 88 88 88 73 89 73 88 47 62 88 89 47 88 89 88 73 47 47 73 73 89 18 88 88 55 89 89 47 15 73 73 62 88 88 73 47 89 88 69 88 73 73 73 88 88 88 47 88 73 73 88 73 88 88 88 89 88 88 89 47 73 73 88 73 73 73 55 47 88 14 
32 32 32 90 90 6 32 90 32 90 90 48 32 32 90 90 32 32 32 90 32 90 6 32 32 90 90 90 32 48 90 32 32 32 32 48 90 90 39 32 32 39 48 32 32 65 90 48 71 90 57 32 90 6 90 6 57 32 32 90 90 32 32 32 65 90 6 32 90 70 71 90 90 48 75 48 32 32 90 90 6 90 32 32 48 32 87 90 90 90 32 90 93 6 90 32 32 32 48 32 
65 83 65 4 93 4 17 49 26 49 11 26 49 50 49 49 17 65 26 65 26 65 49 17 49 26 27 93 83 26 93 93 50 11 83 26 93 26 26 50 93 26 11 50 49 65 93 26 49 50 26 65 17 49 50 50 93 26 26 49 83 62 83 11 65 49 50 83 62 93 71 4 83 50 93 65 4 83 17 4 93 49 83 65 65 65 49 65 65 49 49 50 93 50 4 96 50 11 83 50 
79 9 42 79 79 42 79 40 9 40 54 12 79 50 40 40 50 40 42 54 9 54 54 40 79 40 79 79 9 35 54 79 12 40 35 12 79 40 79 40 75 42 40 40 79 35 40 48 40 50 40 54 40 54 50 50 42 79 79 40 40 79 79 79 50 40 50 79 40 54 40 72 40 50 75 12 79 54 79 50 54 40 54 79 54 79 54 54 42 42 35 50 79 79 12 54 50 42 35 50 
61 2 42 61 92 42 61 2 92 2 92 2 92 61 92 92 92 92 42 92 92 2 61 92 61 2 61 2 92 92 2 2 92 92 92 61 61 61 92 2 42 42 92 2 61 92 61 61 2 2 2 92 61 92 2 92 42 61 61 2 61 92 61 61 65 61 2 92 61 61 2 61 73 2 61 92 61 2 61 61 2 2 83 61 92 61 92 92 92 61 92 92 61 2 61 92 61 42 92 61 
11 11 11 11 11 11 32 11 11 11 11 11 11 32 11 11 11 18 11 88 11 88 11 11 11 26 11 11 11 88 11 32 11 11 18 26 11 11 11 11 11 42 11 11 11 11 11 11 11 11 11 18 88 88 11 11 11 11 11 11 11 11 88 11 11 11 11 18 11 11 11 11 11 74 11 88 11 11 11 11 11 11 11 11 18 11 88 88 18 11 91 11 11 11 95 11 32 11 11 11 
41 2 2 2 59 41 32 2 41 10 10 10 2 32 2 2 2 2 32 41 10 22 2 2 2 2 2 2 10 22 2 32 2 2 32 10 2 2 2 2 41 2 41 2 32 2 41 2 2 2 41 2 2 2 2 2 32 59 59 10 41 2 32 41 2 10 2 32 41 2 2 2 41 10 75 10 41 41 41 2 2 82 2 2 2 32 22 41 2 2 82 41 2 2 41 32 32 41 2 32 
64 64 31 4 31 31 7 31 29 10 53 10 64 85 64 64 64 65 31 54 10 54 54 64 64 80 31 31 29 54 31 31 64 29 89 10 31 54 64 64 31 31 64 31 64 65 54 54 54 64 31 54 53 54 31 56 31 53 64 10 53 64 54 64 65 10 31 7 64 31 53 80 73 53 31 76 64 64 29 80 31 64 54 53 85 53 54 54 89 31 64 92 31 97 31 54 97 31 54 64 
64 64 21 20 20 6 64 44 21 64 20 64 64 6 64 64 64 96 96 20 21 64 6 64 64 44 6 64 21 68 68 94 64 64 68 64 20 44 39 64 64 39 64 44 64 46 20 64 44 64 64 52 6 6 64 6 64 68 64 64 20 64 68 64 6 96 6 68 20 70 44 64 20 6 94 68 77 64 20 20 6 64 21 64 85 20 64 68 52 6 68 64 21 94 20 96 64 98 68 64 
77 11 84 84 11 52 94 40 40 40 11 40 84 40 40 16 77 46 84 77 77 40 23 11 77 40 11 28 52 52 11 94 40 11 52 40 11 97 84 40 75 11 11 40 77 46 40 84 40 11 51 52 40 52 11 52 57 58 77 40 11 84 40 77 40 16 40 77 40 11 40 57 11 74 75 52 77 78 40 97 11 16 40 84 52 52 97 40 52 52 52 11 52 94 84 77 97 11 77 77 
86 63 63 86 86 86 63 37 14 14 63 63 63 14 63 63 86 46 37 63 14 86 72 14 86 80 27 86 14 37 86 37 63 14 37 63 37 47 86 72 86 72 86 37 37 46 47 27 37 27 63 46 63 72 27 27 63 86 86 86 27 86 63 86 65 63 27 63 86 86 72 72 86 63 86 63 63 86 79 80 86 82 86 63 63 86 14 63 46 47 86 37 86 86 86 37 86 72 63 14 
38 26 84 84 26 26 72 8 26 28 67 38 84 67 38 84 38 8 26 26 38 54 23 38 38 26 72 28 29 26 84 38 8 29 26 26 72 38 84 67 41 72 38 67 84 26 47 38 8 50 26 8 84 54 50 50 84 38 26 67 26 84 72 38 8 84 67 8 84 26 8 72 26 67 72 38 26 38 72 80 8 38 26 84 8 72 26 54 8 47 26 26 38 38 95 54 38 26 26 67 
78 78 78 62 5 19 94 78 78 78 78 78 78 67 78 78 78 78 19 78 78 78 78 78 78 78 78 78 78 78 5 94 78 78 78 83 37 78 62 78 78 5 78 78 78 78 78 78 78 78 78 78 78 83 5 19 78 78 19 78 78 62 83 78 78 78 67 68 78 70 78 78 78 67 78 78 78 78 78 78 81 83 83 78 78 78 78 78 78 19 83 78 5 94 5 78 78 78 83 19 
1 36 8 36 91 36 14 8 91 14 54 14 91 14 91 91 14 8 36 54 14 54 54 14 91 8 36 36 14 30 91 36 14 14 35 36 91 8 8 8 14 91 54 8 91 91 54 54 54 8 8 54 36 54 91 91 91 36 14 91 54 8 14 14 91 91 8 8 8 36 8 14 73 74 91 54 36 14 91 14 91 82 54 8 54 36 36 54 54 36 91 91 91 36 91 54 36 91 30 14 
99 73 78 73 82 6 63 82 51 73 78 63 82 82 82 82 73 68 82 78 78 68 82 82 82 78 78 73 99 68 99 75 82 78 68 82 73 73 78 78 75 73 78 68 78 68 78 82 73 73 51 78 68 82 99 82 68 68 82 78 73 78 63 78 73 82 6 68 78 82 73 68 73 82 75 68 78 78 73 73 99 82 83 78 78 78 82 68 78 73 82 73 82 73 73 73 78 51 99 82 
77 13 3 62 3 3 41 3 13 10 3 3 13 14 45 45 13 3 3 77 3 62 3 62 45 3 3 3 3 48 62 41 3 62 48 3 62 62 62 45 41 62 45 45 45 13 3 48 3 3 45 3 62 3 62 3 45 48 3 10 62 62 13 77 13 45 3 77 62 13 3 3 62 3 3 3 77 77 13 62 62 45 3 84 13 13 62 62 62 3 13 13 3 3 62 45 3 13 48 3 
1 83 84 84 5 5 14 97 25 14 11 14 25 14 69 83 1 25 83 69 14 69 83 14 25 97 11 97 14 83 5 97 14 11 83 83 5 97 84 83 14 5 11 5 84 83 69 84 83 25 83 83 25 83 5 5 5 97 14 5 83 84 14 11 5 5 5 83 69 5 83 97 83 5 83 69 83 83 25 97 5 83 83 84 85 97 97 69 69 5 83 83 5 97 5 25 97 11 83 14 
58 2 62 62 93 93 58 2 13 93 58 93 13 58 58 58 58 18 58 62 58 22 23 58 93 62 93 93 58 22 93 58 33 58 58 62 58 62 62 62 93 62 58 62 58 58 47 58 2 58 93 58 62 83 93 58 93 58 59 93 62 62 58 58 58 58 93 58 62 93 2 62 62 93 93 62 77 58 59 62 93 83 83 62 58 86 22 62 62 93 58 58 93 58 62 93 58 62 83 58 
1 2 97 4 86 19 7 2 99 2 99 2 7 32 7 7 1 2 19 7 7 2 19 2 7 2 90 2 99 7 2 32 19 99 7 2 2 97 86 19 41 2 86 2 32 7 86 97 2 2 2 2 19 19 2 19 7 86 86 2 19 86 32 86 19 7 19 7 86 86 2 97 19 19 86 7 7 86 7 97 19 7 86 97 2 86 87 7 7 90 7 7 86 2 4 32 97 99 99 19 
76 22 31 20 31 31 63 31 29 76 20 63 25 63 20 63 76 22 22 20 63 22 76 76 25 78 31 31 29 22 31 31 22 20 22 63 31 22 63 78 31 31 76 22 76 22 22 31 71 76 31 78 76 76 31 76 31 58 76 76 20 63 63 76 76 63 31 22 20 31 71 63 20 63 31 76 78 78 20 63 31 76 31 63 76 20 22 88 76 31 22 31 31 58 31 22 22 98 22 76 
86 6 35 86 86 6 6 35 92 28 92 28 35 6 35 35 92 35 30 6 6 86 6 28 86 35 6 28 30 30 86 6 35 92 35 35 92 35 86 6 6 86 86 35 86 35 86 35 28 6 57 35 6 6 6 6 57 86 86 28 6 86 6 86 6 6 6 92 6 6 28 57 6 6 86 35 6 6 79 6 6 35 86 35 35 86 6 6 89 6 35 92 86 6 92 92 86 35 30 6 
64 69 84 4 5 4 69 27 29 28 53 28 84 27 16 16 69 69 66 69 28 69 27 27 16 27 27 28 29 27 4 28 28 27 89 4 4 27 84 27 84 4 64 27 84 69 69 27 28 27 27 16 53 27 27 27 84 27 27 28 27 84 69 64 27 66 27 69 69 5 28 27 69 27 29 69 4 69 27 27 4 16 28 84 69 53 69 69 89 90 16 69 29 28 4 28 27 29 28 66 
56 13 13 56 5 5 56 16 13 13 13 56 13 16 16 16 13 18 16 13 13 56 16 5 16 56 56 56 13 13 5 5 56 5 13 16 5 56 56 16 56 5 16 5 16 56 13 56 56 16 13 16 5 16 5 56 16 13 16 5 56 56 56 56 56 16 5 13 16 5 13 13 5 13 56 76 56 5 13 56 5 16 83 56 13 13 16 56 16 16 91 13 56 5 5 16 5 13 13 16 
11 9 11 17 11 46 17 68 9 68 11 9 13 37 17 91 17 46 9 68 9 68 76 17 91 68 11 9 9 30 11 37 33 11 68 33 37 11 17 17 46 11 11 68 11 46 47 46 37 11 57 46 17 76 11 91 57 30 17 46 11 17 9 11 91 91 68 68 17 13 9 57 11 17 91 76 17 68 9 11 11 91 68 11 13 9 87 68 46 13 91 92 91 30 95 96 76 9 68 37 
5 75 5 28 5 5 5 75 25 28 5 28 25 5 28 28 25 25 5 25 25 25 5 5 25 75 5 28 25 30 5 5 28 5 5 5 5 47 5 5 75 5 5 5 5 5 47 5 28 25 57 5 5 5 5 5 57 47 75 5 61 5 5 5 5 5 5 5 28 5 28 57 5 5 75 5 47 5 25 5 5 5 5 5 25 5 5 25 5 5 5 25 93 5 5 25 5 5 28 5 
32 75 32 32 5 5 32 45 32 32 32 32 32 32 32 32 32 32 32 32 32 32 72 32 32 45 5 75 32 32 5 32 32 32 32 83 5 32 32 45 75 5 45 45 45 32 32 32 49 72 57 32 32 72 5 5 57 32 32 60 83 32 32 32 5 32 5 32 45 5 45 72 83 32 75 32 32 83 32 32 5 83 83 32 85 32 32 32 32 5 32 32 5 94 5 32 32 32 32 32 
1 86 30 19 86 19 19 30 30 28 30 28 13 19 30 28 1 30 19 19 30 86 23 28 1 30 19 28 30 30 86 30 19 30 30 49 30 19 86 19 19 86 30 30 30 30 86 23 49 19 30 23 19 19 86 19 86 30 86 28 19 86 19 30 19 66 19 30 86 86 30 72 19 19 86 30 19 30 1 19 30 49 86 30 23 86 19 19 30 19 30 19 86 30 95 1 30 30 30 19 
88 2 88 88 88 66 88 8 16 10 88 88 16 16 16 16 88 18 66 88 88 88 88 88 16 8 16 18 88 88 88 88 88 88 18 16 88 88 88 88 88 88 88 18 16 18 88 88 8 88 8 18 88 88 88 66 16 88 16 10 88 88 88 88 88 66 8 18 88 88 8 88 88 88 88 88 88 88 88 88 88 16 88 88 18 18 88 88 18 16 16 18 88 88 88 96 88 88 88 66 
80 87 80 80 94 19 7 80 80 28 80 80 80 94 7 7 80 80 19 94 80 94 80 94 7 80 80 28 80 80 94 94 80 94 7 80 80 80 80 80 80 80 80 80 80 7 80 80 80 80 80 80 80 80 80 19 80 80 94 28 80 80 94 80 80 94 80 7 80 70 80 80 80 80 94 80 7 80 80 80 94 82 94 80 80 87 87 94 80 28 82 80 87 94 80 94 97 80 87 94 
1 19 62 19 5 19 19 45 99 19 99 19 25 19 45 45 1 19 19 19 19 19 19 19 25 19 19 19 99 68 99 32 19 99 68 19 99 19 62 45 19 62 45 45 45 19 62 19 45 19 45 19 19 19 99 19 45 19 19 19 19 62 19 19 19 45 19 68 62 5 45 45 19 19 19 19 19 19 99 19 19 1 19 19 19 19 19 19 19 19 68 19 19 19 19 32 97 98 99 19 
1 29 31 1 29 31 1 68 29 28 29 28 1 32 1 28 1 68 29 68 29 68 1 1 1 68 29 28 29 68 31 32 28 29 68 1 31 38 1 31 29 31 29 68 32 68 29 31 28 1 68 31 68 1 31 31 68 59 59 60 29 1 29 29 68 60 31 68 68 31 28 72 29 1 29 68 29 31 29 97 31 1 68 29 31 29 68 68 1 31 68 29 29 94 31 1 97 29 99 32 
1 87 4 4 59 33 87 44 29 10 11 10 59 14 44 59 1 44 87 41 10 59 33 10 1 4 33 87 29 48 59 41 33 10 48 33 59 47 86 33 41 47 59 44 59 33 47 48 87 59 41 59 33 33 59 33 59 59 59 10 33 86 14 59 33 10 33 59 41 59 87 4 33 10 86 76 41 59 59 4 59 33 83 4 76 86 87 33 76 33 59 10 86 59 4 41 59 29 87 100 
